5.0036681659170421,0.19512843578210898,
5.0112687312687321,1.9170729270729272,
